3639 150
3129718259504133226992110269301942575398220354510935455463198436334870590541449973775144169735347386159700727676865233315163008985308255118334159460113131870363856050761229577252400858289466681963387376595192669356530881053357243308275712492483691454457565700688202556311100177740300268413450009131406
16250125249361551111621951159198512524822228477931860500849682426078730587433748977298100138522763067972545358301172543169059107121032803753270368702056103235330176680668389013114090027416763529824390665132880329472159331300874796250074935732367515738707754607505506926784683373944972576982300662397469
10117810521203505347154105217127091885492174869077859085776839962640699789965644044031782383632015030766368113388874958929057794231265397329891247479980587197762246112177834335182287649665003581169875695986200218527949788736536040600886737610246367011244920642422100172436943744578444800017538372663106
19490832521743427277305249623130768478672117722454298432088553633035392684316447825827939084185311194487554079758535227623344898320530184127047066705225808389386195322637424771094293066337080833896271971155718749763213438395286614967718872922253236376078485658651899053163124808504505736101065093076843
19467184567084012955754728246522859221490274016752893553349619179499100411006761609051223427681799748230617851657637916109085277111599015577967512605584203923715447914781937994068844986830376703248617088081403549946522465847225349291573759314081584379132243935966029051604118653888206372823133456793486
7231221242370966864557575087391076580254286986239201433309661942372545847256384203011111801047730811088750049734760993027061370871228135803704943378211446207253478889971905227286196761584258001772523401652563649931605814635875434422419237376738558649084907734610919252578616061003578212127538702865146
20297603363975880665418344201862635810884439525690478909328884767269055939145146020772484404727623622072536257335913756280728694493948196531077459919975239055568998379812166186379299679747996496310818675851319537184088444609600507219390124815391259626414446649111752095282855708226142855882825909763244
26432613941610660618232209288533715360212262506254902217921829407623170359576536562572210297801225562632227381723742640843696811883357646934638936112136729522884605849581210858008190848177322738077244686298213074322768954923963540867591481479033253397194999843514342152728415606364724687783514440510377
17830454754102352614608180340495653137237724327447577038828665085128502661186295362298062762127534573364996480171450680241767656349989877019233990101544436563386904590389005155184438181502304536863128292008526520057990732539684277590941540447731720160958826427115217747696957163683469127629278361839781
22386717845237814127957398348442249077705109222315366992807077851422965604582146927471107970316693310706659400361891033287484401488443908135601165870104356850892886213084554914524846213128584560783248003663233788732217203051832483566803696677016267550059083976008662905116990755649858724541624794251007
17715342718962546947080368727180657336698701614704600603478919380324573547436460524758030208647792260410299384193219123477401609773027708504057976261513540166737226340444489152069296728139446892151294771931720846190811360362403630918873747478148501395953113364564461041470963497998362849492045779681411
5543810011054648952437276876911677259789460488316287529446200213175725882075645705677102701228115200195616177023135444805878284258329768508026387786672894267667089034651536826817339516705261485382126559966356010027708620257244398628765334647399591192917917196597280875959754136574486197446109446929663
31686458286735088089347680543800980836967204191009505566633150555926939075929638407198589631174448358329590488961839151621454285354657449633611430945298436440435949033284755770497300383047867666397070505460572614358559426524802419071960527420399183636818697238606797571270239010255327068058552537635637
682265867255938978527336495986250770648312391441318374483434260748280584803076799033723755044568821381556227489961839396198879338926086235745813900294006735021014318710550042487485647790952445026072139464336290998517275141022710304687033334275480799396485858013980842701649338246522689188506219280637
11071463639695099806015717058074459182767495254925001454792685212925124072988317289105384257359544790303272820553816382436281971945270218246263797343315914009942045756013525202855887461211910953906811399726026499690349527593356697852343090920901257606945106152193936668568069311880156827681693264315098
10172851172835825038272916974738705680661571529546932470910601900071370441551984748569617976886878577209553852418876069078318668632078394550221586745323064392750512372959580081244854191415154374817737178958332293037743822337333676415544500079547381117189017729464381649789634955151688387854695229750662
13741397137251917310026730642671588941465510175610360331554919101265235553112151680841636354933536908882033529371272751753450963585375648916435899582846780330171608648519427506457857361099372320811779547545865378321714234626787596842232518436925354410275139962702724406832567877356264017686249375387870
23565908078860972941177431512642030097347383945622363348654507562105499050682206313333737450687381262543750324593494872606653219549603369582541128303500562429050652495151837765127837709537615580091647071126106088663460354804973745767449309351385999389151547974740903881387779806408048826050410134541775
2592031321332648324862691453623553824584542806151433410317634311469908106892745597439222533254997857878836273391141550072746285546576515161624172057183849222114791874141321153114170605473809641038209078825758607515597323180027968009208653464519434569278945465653821645994509171546609218407229012982138
18707467953438995056860358819058762295248818719608705400421021006861803620783252038915109822674303116051677939537168129574722416997070899754689194226795164817349971554113743616442637716640735103253392754572315939874320644177317812020094727494163977764373229647165041011645607567924230481970370033744573
24716055748138861463179633262084689964946320027224168824588729092194529633987468072014039534998942172576343696360236296962023129284261980712791849714758771462930829328652377826278082551521018823543057835237392782206624420252538735245789336949058592385258046824615102655189566741850768971395868594616962
15973288619850536959958760419278990407870164416707971007447230155613326528299405190283729805972063433611596541903034521911490954032679193090203449190747757785305907641652815119162209223479219128593964942361431067924304281734292199322758836450033941346916627874911093711787278396117210949728851363478561
8362710044760884462248440062108033461794407582555696966737436107000275295845079171307140165366078023674553158389932981407628441174212563598632659958428010988971577062985516496692642435503314008950950576229006003686236545570466565561745250987995406930492689182198477137964801086709211387514903875161529
30872317459420494492830188322224430265841912886164247556875899890461037756166478675252932460600737704231555554966672532917114667333901184838446018735520894471769333815820840454153037380003828773254730190494075722027374760120410871323982414085919891243787223336806907348065542535243234679670835103132671
3603035035466944282795122728369034649124231289910676327090356983014762548149734560429833496321437302615582339078661969302895914259357215405722246916453623624827757699664074304444644348630596989802828743977394161805330721184363818921968158530433989241778722066272573199102187580591900643704536764411538
