144 8
243349261535552609655983834307
478185765908694104850174819507
1474053432587520462297511224778
2098231993378378373362675953412
1439439279526723558695946085625
411440182187330643357973027914
2110095187311531487302957709859
1854958151638174677064708385834
794248058039897268111656756835
1614670884701978983833717459903
1368040538353349631421618338286
786314480609437461602500500095
1593174094275823819421379213422
573756032608891099228777089525
252526264348980092589500769665
1736905718320707166172258770348
1273784914839056100281248746008
1117504336964256708814926052224
482628412682007231407913486562
294648339373878079113555865114
